k= 2.98 * 10^(-6);
l= 0.225;
d= 1.14 * 10^(-7);
Ix= 4.856 * 10^(-3);
Iy= iX;
Iz= 8.801 * 10^(-3);
jP= 0;
m = 0.468;
g=9.81;